882
9704
5967
6085
1602
372
7388
3855
2457
3495
7185
5066
2746
482
407
2519
8847
3504
8346
6934
8564
6510
2799
34
6984
8442
2642
4203
3401
3384
7102
4283
3089
9421
369
1043
6145
4109
1250
8603
7605
8435
21
6703
8917
6780
9223
7764
284
3921
1050
5201
6783
3850
5235
3767
8644
7877
7970
2045
7614
1425
6329
703
7198
3050
8098
3344
3511
9349
1947
7468
7784
8320
4172
3054
5101
9747
818
1737
3668
8221
3290
452
2071
8526
571
715
2755
4894
9113
6721
2671
1794
3776
9869
1196
1875
3213
4707
1224
1512
2176
5360
9833
6348
8414
1286
6095
5585
3023
6115
3806
6314
2919
2229
1192
3491
9296
299
8385
8409
7021
7408
203
797
7277
1399
2672
491
2459
248
2003
4635
1961
8188
7335
6727
9474
9782
2312
8850
5897
2470
1516
5169
4699
9060
8660
3996
9359
3397
2405
2732
805
8961
3530
8082
6712
2554
4925
9171
9155
3281
158
1116
1469
3845
7843
7296
9979
6508
2498
2229
8978
4014
7398
30
3074
6058
4026
8785
5807
2783
1518
6612
1744
1400
1046
4809
3954
2324
332
3109
5605
491
577
3426
688
4773
722
668
7633
3220
2897
2963
3586
295
2993
3012
2705
7019
1798
8512
9803
9668
1476
7899
1068
2522
9060
5022
4846
9393
4484
6803
6236
1413
230
6924
2538
7304
3944
171
525
6841
3135
463
3488
6128
3476
6193
9500
5274
1057
5655
4942
2533
9906
6010
1408
8967
7384
6254
8360
8220
3058
948
9634
9640
4224
2172
6944
8169
8696
3821
1362
8183
4285
4851
4311
7761
7396
163
3035
8454
5818
4329
987
5725
6691
2395
1044
4075
5002
5756
2296
4412
6704
8282
404
928
6806
7348
9097
5502
1170
6812
3685
5455
1663
4349
9568
5411
864
2603
3865
6683
3284
1205
8760
9975
9952
9804
4050
1306
1912
2698
2070
8616
980
2474
5896
7787
9823
1346
9641
7345
8158
9679
9152
6173
380
8720
1584
1244
7675
1802
4279
959
9359
3039
934
5663
9195
1336
3322
7459
4035
5392
2427
5015
4219
8324
9154
394
9670
5148
7739
4180
4827
6891
6705
1559
1963
8289
2803
9638
6443
3435
597
2154
2826
7883
4170
2022
9219
7492
5833
9606
9236
8261
974
3455
6585
128
3849
2607
1628
7940
3139
6455
1183
9844
4366
3146
4485
7170
2784
7281
605
9733
9435
3431
7616
9957
1805
3188
3801
7639
2794
3038
2252
120
2845
8837
249
3047
7796
8229
7339
935
4685
8523
779
5403
1669
5264
2573
806
2545
9530
539
8333
9314
4508
4642
7471
4048
8444
1462
3194
7834
3714
3315
7031
8903
9916
6430
6699
8145
3770
3986
9182
2293
1117
4586
314
2734
3511
7472
1631
3042
8012
6316
8708
8872
959
6179
9272
9403
7642
2466
7237
7708
5781
620
6612
2049
7051
9663
195
821
2
9377
9466
1119
315
6132
3853
3827
3605
1837
3221
7969
8153
1929
3193
9112
4460
2465
8515
8454
4931
2104
6163
7065
9077
9127
9114
6128
5142
5661
3301
5144
1391
2767
2616
1706
5251
2821
1885
8856
4658
5106
6825
2812
3387
18
1924
4200
8835
6792
2654
3767
5248
5169
7184
4325
648
2650
453
2143
8312
3754
3639
9703
2873
6255
1409
8125
9077
9647
3333
3735
4753
159
2899
4493
6529
4824
5045
5365
7968
4051
5484
3216
9221
9020
7542
6221
1670
4347
8364
9982
8102
2004
9685
7327
4611
7447
5452
3688
7094
8786
3776
8199
5297
6675
9044
8178
7851
4089
9895
5819
8141
5379
9036
3714
4399
2930
9935
6070
7277
4652
2404
1731
6656
2090
9059
7619
5889
863
1308
2983
6001
1436
7534
1298
8111
6579
5829
2315
668
5724
8134
8809
1104
3522
2523
1855
6452
8811
4277
82
3463
6682
1813
6471
5124
872
4090
1013
1736
1750
348
7737
3186
7882
5388
7650
4461
1217
6317
5130
6941
803
291
4397
4326
9167
2605
7130
4330
3234
7212
4145
6268
9026
616
1392
6250
1058
8757
7986
9161
9105
2076
8699
6988
3816
2701
7801
5033
9018
2931
8326
6174
9575
9076
500
5094
8033
3982
9424
1267
7547
3569
3888
2925
537
5280
9175
7947
390
7162
7108
9495
5590
5808
2835
9406
4861
637
791
232
9920
9117
6406
9495
4545
3258
941
8930
7240
365
198
1139
286
4086
4064
823
5718
3240
8771
6108
6754
5879
1956
2344
8039
4791
8102
9253
5428
8893
9485
5349
4362
5891
1196
8908
9149
2138
7838
2741
2503
4388
3881
2790
4826
7945
9965
6897
1185
8736
9357
7939
968
1313
6635
5359
6105
4737
4612
1533
3630
4097
3234
7993
6340
4431
3253
5489
6569
7443
4583
5424
8184
8464
8214
3010
6409
8180
9907
3947
3268
5617
8238
4236
6930
4874
5948
3035
5963
560
921
9594
1010
4155
3939
3702
8586
3544
5544
5155
987
127
580
9171
8591
5146
8534
1352
9678
4793
5299
9299
410
9890
3535
7341
4764
5835
6728
727
6396
7649
6673
3758
8157
6964
7460
6743
508
3004
8251
7848
3131
5183
3371
8074
6681
1905
5779
2712
6699
1078
2011
3461
7320
5546
802
2084
7734
3883
9164
4130
7884
2189
4240
6041
9154
8052
9137
6014
1057
7388
3862
540
8923
3586
4967
5604
5491
746
4668
8542
8176
6679
8356
5497
8578
9158
7581
6312
9393
3097
6794
7278
5287
1034
3319
793
9086
2456
6807
6495
6196
7022
3388
5119
608
8355
7076
2451
9101
1744
7346
7277
8424
5702
2774
7002
1212
6708
9666
606
6157
6460
7884
1444
7494
7555
8589
2932
12
1749
9428
2560
8771
2816
4032
5731
7523
1108
4534
6624
9204
1880
253
3980
7582
3028
7334
8795
6088
7000
5753
2245
3460
3637
42
7306
7544
8631
6591
3908
380
2371
6469
5503
1539
501
1234
9062
7961
5769
5686
7165
4001
5939
7498
1584
5319
1184
6731
1407
4537
2484
5
7997
2473
47
1656
6369
8678
8247
278
5411
618
