2
5
12
18
21
30
34
42
47
82
120
127
128
158
159
163
171
195
198
203
230
232
248
249
253
278
284
286
291
295
299
314
315
332
348
365
369
372
380
380
390
394
404
407
410
452
453
463
482
491
491
500
501
508
525
537
539
540
560
571
577
580
597
605
606
608
616
618
620
637
648
668
668
688
703
715
722
727
746
779
791
793
797
802
803
805
806
818
821
823
863
864
872
882
921
928
934
935
941
948
959
959
968
974
980
987
987
1010
1013
1034
1043
1044
1046
1050
1057
1057
1058
1068
1078
1104
1108
1116
1117
1119
1139
1170
1183
1184
1185
1192
1196
1196
1205
1212
1217
1224
1234
1244
1250
1267
1286
1298
1306
1308
1313
1336
1346
1352
1362
1391
1392
1399
1400
1407
1408
1409
1413
1425
1436
1444
1462
1469
1476
1512
1516
1518
1533
1539
1559
1584
1584
1602
1628
1631
1656
1663
1669
1670
1706
1731
1736
1737
1744
1744
1749
1750
1794
1798
1802
1805
1813
1837
1855
1875
1880
1885
1905
1912
1924
1929
1947
1956
1961
1963
2003
2004
2011
2022
2045
2049
2070
2071
2076
2084
2090
2104
2138
2143
2154
2172
2176
2189
2229
2229
2245
2252
2293
2296
2312
2315
2324
2344
2371
2395
2404
2405
2427
2451
2456
2457
2459
2465
2466
2470
2473
2474
2484
2498
2503
2519
2522
2523
2533
2538
2545
2554
2560
2573
2603
2605
2607
2616
2642
2650
2654
2671
2672
2698
2701
2705
2712
2732
2734
2741
2746
2755
2767
2774
2783
2784
2790
2794
2799
2803
2812
2816
2821
2826
2835
2845
2873
2897
2899
2919
2925
2930
2931
2932
2963
2983
2993
3004
3010
3012
3023
3028
3035
3035
3038
3039
3042
3047
3050
3054
3058
3074
3089
3097
3109
3131
3135
3139
3146
3186
3188
3193
3194
3213
3216
3220
3221
3234
3234
3240
3253
3258
3268
3281
3284
3290
3301
3315
3319
3322
3333
3344
3371
3384
3387
3388
3397
3401
3426
3431
3435
3455
3460
3461
3463
3476
3488
3491
3495
3504
3511
3511
3522
3530
3535
3544
3569
3586
3586
3605
3630
3637
3639
3668
3685
3688
3702
3714
3714
3735
3754
3758
3767
3767
3770
3776
3776
3801
3806
3816
3821
3827
3845
3849
3850
3853
3855
3862
3865
3881
3883
3888
3908
3921
3939
3944
3947
3954
3980
3982
3986
3996
4001
4014
4026
4032
4035
4048
4050
4051
4064
4075
4086
4089
4090
4097
4109
4130
4145
4155
4170
4172
4180
4200
4203
4219
4224
4236
4240
4277
4279
4283
4285
4311
4325
4326
4329
4330
4347
4349
4362
4366
4388
4397
4399
4412
4431
4460
4461
4484
4485
4493
4508
4534
4537
4545
4583
4586
4611
4612
4635
4642
4652
4658
4668
4685
4699
4707
4737
4753
4764
4773
4791
4793
4809
4824
4826
4827
4846
4851
4861
4874
4894
4925
4931
4942
4967
5002
5015
5022
5033
5045
5066
5094
5101
5106
5119
5124
5130
5142
5144
5146
5148
5155
5169
5169
5183
5201
5235
5248
5251
5264
5274
5280
5287
5297
5299
5319
5349
5359
5360
5365
5379
5388
5392
5403
5411
5411
5424
5428
5452
5455
5484
5489
5491
5497
5502
5503
5544
5546
5585
5590
5604
5605
5617
5655
5661
5663
5686
5702
5718
5724
5725
5731
5753
5756
5769
5779
5781
5807
5808
5818
5819
5829
5833
5835
5879
5889
5891
5896
5897
5939
5948
5963
5967
6001
6010
6014
6041
6058
6070
6085
6088
6095
6105
6108
6115
6128
6128
6132
6145
6157
6163
6173
6174
6179
6193
6196
6221
6236
6250
6254
6255
6268
6312
6314
6316
6317
6329
6340
6348
6369
6396
6406
6409
6430
6443
6452
6455
6460
6469
6471
6495
6508
6510
6529
6569
6579
6585
6591
6612
6612
6624
6635
6656
6673
6675
6679
6681
6682
6683
6691
6699
6699
6703
6704
6705
6708
6712
6721
6727
6728
6731
6743
6754
6780
6783
6792
6794
6803
6806
6807
6812
6825
6841
6891
6897
6924
6930
6934
6941
6944
6964
6984
6988
7000
7002
7019
7021
7022
7031
7051
7065
7076
7094
7102
7108
7130
7162
7165
7170
7184
7185
7198
7212
7237
7240
7277
7277
7277
7278
7281
7296
7304
7306
7320
7327
7334
7335
7339
7341
7345
7346
7348
7384
7388
7388
7396
7398
7408
7443
7447
7459
7460
7468
7471
7472
7492
7494
7498
7523
7534
7542
7544
7547
7555
7581
7582
7605
7614
7616
7619
7633
7639
7642
7649
7650
7675
7708
7734
7737
7739
7761
7764
7784
7787
7796
7801
7834
7838
7843
7848
7851
7877
7882
7883
7884
7884
7899
7939
7940
7945
7947
7961
7968
7969
7970
7986
7993
7997
8012
8033
8039
8052
8074
8082
8098
8102
8102
8111
8125
8134
8141
8145
8153
8157
8158
8169
8176
8178
8180
8183
8184
8188
8199
8214
8220
8221
8229
8238
8247
8251
8261
8282
8289
8312
8320
8324
8326
8333
8346
8355
8356
8360
8364
8385
8409
8414
8424
8435
8442
8444
8454
8454
8464
8512
8515
8523
8526
8534
8542
8564
8578
8586
8589
8591
8603
8616
8631
8644
8660
8678
8696
8699
8708
8720
8736
8757
8760
8771
8771
8785
8786
8795
8809
8811
8835
8837
8847
8850
8856
8872
8893
8903
8908
8917
8923
8930
8961
8967
8978
9018
9020
9026
9036
9044
9059
9060
9060
9062
9076
9077
9077
9086
9097
9101
9105
9112
9113
9114
9117
9127
9137
9149
9152
9154
9154
9155
9158
9161
9164
9167
9171
9171
9175
9182
9195
9204
9219
9221
9223
9236
9253
9272
9296
9299
9314
9349
9357
9359
9359
9377
9393
9393
9403
9406
9421
9424
9428
9435
9466
9474
9485
9495
9495
9500
9530
9568
9575
9594
9606
9634
9638
9640
9641
9647
9663
9666
9668
9670
9678
9679
9685
9703
9704
9733
9747
9782
9803
9804
9823
9833
9844
9869
9890
9895
9906
9907
9916
9920
9935
9952
9957
9965
9975
9979
9982
